nid,sex,age,vol1,vol2,days
1,0,36,110,158,694
2,0,37,0,0,691
3,0,44,0,0,927
4,0,44,0,0,719
5,0,46,0,0,1545
6,0,46,0,0,1091
7,0,48,0,0,361
8,0,48,0,0,1235
9,0,48,0,0,659
10,0,48,0,0,395
11,0,48,0,0,634
12,0,49,0,0,551
13,0,49,10,12,1337
14,0,49,8,82,1467
15,0,50,0,0,1277
16,0,50,16,18,1069
17,0,50,42,49,1093
18,0,50,434,571,815
19,0,51,3,9,649
20,0,51,0,10,582
21,0,52,0,0,924
22,0,52,0,0,736
23,0,52,0,0,965
24,0,52,0,0,392
25,0,52,0,0,934
26,0,53,0,5,285
27,0,53,7,29,1010
28,0,54,0,0,956
29,0,54,0,0,614
30,0,54,0,0,1296
31,0,55,0,0,826
32,0,55,0,0,820
33,0,56,2,0,416
34,0,56,2,26,566
35,0,57,0,0,1072
36,0,57,0,0,693
37,0,57,22,40,538
38,0,58,0,0,450
39,0,59,300,447,1101
40,0,60,0,0,818
41,0,60,0,0,685
42,0,61,4,0,391
43,0,61,0,0,1199
44,0,61,0,0,495
45,0,61,0,0,1210
46,0,61,15,22,1037
47,0,61,285,326,693
48,0,62,0,0,461
49,0,62,0,0,1253
50,0,62,0,9,773
51,0,63,43,131,977
52,0,63,82,123,324
53,0,64,131,122,717
54,0,64,0,6,628
55,0,64,242,251,682
56,0,65,0,0,1331
57,0,65,0,0,814
58,0,65,0,0,288
59,0,65,38,52,690
60,0,65,115,183,988
61,0,65,96,312,437
62,0,65,2146,2653,470
63,0,66,196,184,427
64,0,66,402,460,783
65,0,66,1431,1983,738
66,0,68,3,0,691
67,0,68,0,5,705
68,0,68,333,428,372
69,0,69,0,0,1207
70,0,69,2,5,467
71,0,69,37,47,1333
72,0,70,426,325,732
73,0,70,15,18,537
74,0,70,120,144,280
75,0,71,0,0,940
76,0,71,57,82,653
77,0,71,286,482,877
78,0,72,0,4,1227
79,0,73,0,0,594
80,0,73,0,0,1266
81,0,73,108,116,530
82,0,73,16,74,467
83,0,74,0,3,366
84,0,74,5,14,334
85,0,74,256,339,551
86,0,75,0,0,593
87,0,75,60,63,380
88,0,76,6,0,392
89,0,85,946,1177,608
90,1,26,11,24,637
91,1,32,0,0,819
92,1,34,40,68,1178
93,1,35,21,56,1941
94,1,37,412,430,396
95,1,38,0,0,1083
96,1,39,9,6,707
97,1,39,91,148,712
98,1,40,100,164,992
99,1,41,0,0,1088
100,1,42,0,0,704
101,1,42,21,133,1397
102,1,43,10,6,733
103,1,43,0,0,1196
104,1,43,0,0,595
105,1,43,0,5,1051
106,1,43,43,53,482
107,1,44,86,103,549
108,1,44,179,209,965
109,1,45,106,118,674
110,1,46,0,0,701
111,1,46,0,0,1173
112,1,46,9,10,1068
113,1,46,94,100,980
114,1,46,143,186,404
115,1,47,24,23,697
116,1,47,0,0,579
117,1,47,34,45,757
118,1,47,156,180,700
119,1,49,0,0,578
120,1,49,0,0,282
121,1,49,229,255,639
122,1,49,178,255,416
123,1,50,9,0,1110
124,1,50,60,57,1240
125,1,50,84,116,416
126,1,50,359,544,617
127,1,51,122,122,414
128,1,51,391,391,278
129,1,51,0,7,366
130,1,52,3,3,1112
131,1,52,34,114,766
132,1,53,50,22,351
133,1,53,117,109,527
134,1,53,0,0,531
135,1,53,5,9,689
136,1,53,12,33,950
137,1,53,115,164,1042
138,1,54,245,259,268
139,1,54,438,674,925
140,1,54,278,541,1104
141,1,55,0,0,1273
142,1,55,4,18,738
143,1,55,11,40,1057
144,1,55,97,127,245
145,1,56,114,157,422
146,1,57,0,0,535
147,1,57,534,847,614
148,1,57,2980,4291,741
149,1,58,0,0,842
150,1,58,1434,2049,901
151,1,59,61,54,363
152,1,59,294,363,1162
153,1,60,125,100,747
154,1,60,103,105,311
155,1,61,16,0,1181
156,1,61,354,453,1095
157,1,62,3,8,1139
158,1,62,4,7,407
159,1,62,185,307,842
160,1,63,58,46,667
161,1,63,384,527,751
162,1,64,54,233,615
163,1,64,1042,1359,944
164,1,64,295,643,1030
165,1,65,214,223,475
166,1,65,160,366,1380
167,1,66,0,0,984
168,1,66,347,433,799
169,1,66,196,409,1538
170,1,68,197,244,470
171,1,68,249,365,878
172,1,68,175,358,1340
173,1,68,253,371,564
174,1,69,249,304,909
175,1,69,467,525,945
176,1,70,1889,1668,376
177,1,70,447,431,272
178,1,70,234,302,661
179,1,41,26,42,1477
180,1,70,351,400,418
181,1,70,354,509,1046
182,1,72,3138,3285,692
183,0,72,61,132,1292
184,1,73,2147,2244,594
185,1,57,0,0,946
186,1,73,531,730,559
187,1,75,108,145,516
188,0,64,33,88,680
189,1,78,140,138,493
190,1,34,0,0,515
191,1,53,8,14,459
192,1,51,164,138,410
193,1,80,0,0,257
194,1,62,127,153,394
195,1,53,1385,2436,336
196,1,61,1035,1040,382
197,1,53,395,149,339
198,1,78,455,890,358
199,0,57,158,90,359
200,1,45,39,93,364
201,1,53,55,68,277
202,0,66,0,0,1643
203,0,52,0,0,412
204,0,34,0,0,778
205,1,41,0,0,1268
206,0,32,0,2,371
207,0,63,252,295,396
208,0,61,8,24,817
209,1,63,0,0,742
210,0,47,0,0,1398
211,0,59,0,5,1335
212,0,65,0,0,964
213,0,55,34,137,1057
214,1,70,397,548,641
215,0,63,9,13,1012
216,1,67,282,387,714
217,1,67,63,82,943
